8806
8010
10729
6712
9228
6078
10864
8629
8166
4239
3494
8775
10267
7329
8475
7288
8213
2513
1769
6853
11163
9495
11021
6402
5959
8673
11418
7327
10609
7415
6983
5150
12083
3876
2205
3265
271
10320
7304
7352
6391
2280
5894
4050
9937
3447
9058
4282
11148
9072
9109
4479
5638
8184
6534
12277
12278
1632
4802
7164
5148
6300
5756
10436
6112
6686
6159
5000
12090
4289
6104
510
6234
5446
1245
7477
7108
7223
5010
603
11398
2639
12213
11899
1651
6945
2736
1214
104
1585
3141
1964
5429
1184
1315
8713
7098
1789
1372
5448
6994
6822
2655
5420
3663
10907
12196
3177
2366
9617
9628
11801
6584
5021
1792
3623
4328
8299
2106
4255
6670
1599
3081
2053
7349
10231
6511
832
8115
4578
3233
8980
74
5399
10301
11278
9724
5206
4049
11283
2908
2209
7536
8390
6801
11088
9000
3581
9313
9826
9645
4986
1949
1741
1689
8562
8947
5675
10727
8051
8999
4450
4268
11044
8659
10780
6839
9142
7688
9595
6749
11702
12002
8631
7666
5819
6798
8151
759
4351
6124
9668
8179
11068
691
7359
9904
11116
4849
2324
6065
6692
11553
10684
5992
3236
193
10262
3991
11091
5679
7134
11280
9552
2197
5718
8357
12106
11615
4628
5030
6850
492
11460
4069
1734
8739
3487
962
11245
9229
363
3507
6857
8875
9309
3103
9106
5774
2321
4187
6518
198
4030
2056
3977
8811
9587
8723
8910
8240
1526
8205
599
7621
1151
7407
10656
11121
469
1464
5268
9680
2904
107
10478
